{
    "axis_x": 0,
    "axis_y": 1,
    "axis_z": 0,
    "childAnchorDir_x": 0.9736042022705078,
    "childAnchorDir_y": 0.0080374451354146,
    "childAnchorDir_z": -0.22810131311416626,
    "fromIndex": 0,
    "scalingFactor": 0.920968770980835,
    "toIndex": 1
}
