{
    "dimensions_x": 0.13824008405208588,
    "dimensions_y": 0.8509767651557922,
    "dimensions_z": 0.646340012550354,
    "index": 2,
    "jointType": 1,
    "parentAttachmentPlane_x": 0.2846184968948364,
    "parentAttachmentPlane_y": 0.9309496283531189,
    "parentAttachmentPlane_z": -0.2287469357252121,
    "primitiveType": 0,
    "recursionLimit": 1
}
