{
    "axis_x": 0,
    "axis_y": 0,
    "axis_z": -1,
    "childAnchorDir_x": -0.542362630367279,
    "childAnchorDir_y": -0.7162185907363892,
    "childAnchorDir_z": 0.4391738176345825,
    "fromIndex": 0,
    "scalingFactor": 0.9067888259887695,
    "toIndex": 2
}
