{
    "bodyEnd": 1,
    "dimensions_x": 0.6087181568145752,
    "dimensions_y": 0.5251457095146179,
    "dimensions_z": 1.4780120849609375,
    "index": 1,
    "jointType": 1,
    "parentAttachmentPlane_x": -0.6684514880180359,
    "parentAttachmentPlane_y": 0.5300915241241455,
    "parentAttachmentPlane_z": 0.5217045545578003,
    "primitiveType": 0,
    "recursionLimit": 1
}
