{
    "axis_x": 0,
    "axis_y": 0,
    "axis_z": 1,
    "childAnchorDir_x": 0.7260778546333313,
    "childAnchorDir_y": -0.05573279410600662,
    "childAnchorDir_z": 0.6853501796722412,
    "fromIndex": 0,
    "scalingFactor": 0.7789831757545471,
    "toIndex": 3
}
