{
    "axis_x": 0,
    "axis_y": -1,
    "axis_z": 0,
    "childAnchorDir_x": -0.6580598950386047,
    "childAnchorDir_y": -0.6733730435371399,
    "childAnchorDir_z": 0.33693596720695496,
    "fromIndex": 3,
    "scalingFactor": 0.8822144269943237,
    "toIndex": 2
}
