{
    "bodyEnd": 0,
    "dimensions_x": 1.03281831741333,
    "dimensions_y": 0.8156102299690247,
    "dimensions_z": 0.7938821315765381,
    "index": 3,
    "jointType": 1,
    "parentAttachmentPlane_x": 0.11708065122365952,
    "parentAttachmentPlane_y": -0.957798182964325,
    "parentAttachmentPlane_z": 0.2625162601470947,
    "primitiveType": 0,
    "recursionLimit": 1
}
