{
    "axis_x": 0,
    "axis_y": 1,
    "axis_z": 0,
    "childAnchorDir_x": 0.9921613931655884,
    "childAnchorDir_y": -0.010937382467091084,
    "childAnchorDir_z": 0.12448390573263168,
    "fromIndex": 0,
    "scalingFactor": 0.5114595890045166,
    "toIndex": 0
}
