{
    "bodyEnd": 0,
    "dimensions_x": 0.900024950504303,
    "dimensions_y": 0.9177483916282654,
    "dimensions_z": 1.037127137184143,
    "index": 0,
    "jointType": 1,
    "parentAttachmentPlane_x": 0.433253675699234,
    "parentAttachmentPlane_y": 0.8655979037284851,
    "parentAttachmentPlane_z": 0.2510608434677124,
    "primitiveType": 0,
    "recursionLimit": 2
}
