{
    "axis_x": 1,
    "axis_y": 0,
    "axis_z": 0,
    "childAnchorDir_x": 0.3446839153766632,
    "childAnchorDir_y": 0.267689973115921,
    "childAnchorDir_z": -0.8997417092323303,
    "fromIndex": 0,
    "scalingFactor": 0.778434157371521,
    "toIndex": 1
}
