{
    "axis_x": 1,
    "axis_y": 0,
    "axis_z": 0,
    "childAnchorDir_x": 0.9570571780204773,
    "childAnchorDir_y": -0.13461637496948242,
    "childAnchorDir_z": 0.2567487061023712,
    "fromIndex": 1,
    "scalingFactor": 0.6429073214530945,
    "toIndex": 2
}
