{
    "bodyEnd": 1,
    "dimensions_x": 0.8750025629997253,
    "dimensions_y": 1.0986162424087524,
    "dimensions_z": 1.244040846824646,
    "index": 2,
    "jointType": 1,
    "parentAttachmentPlane_x": -0.5095190405845642,
    "parentAttachmentPlane_y": 0.6347519159317017,
    "parentAttachmentPlane_z": -0.5809305906295776,
    "primitiveType": 0,
    "recursionLimit": 1
}
