{
    "dimensions_x": 0.94276362657547,
    "dimensions_y": 0.9742376804351807,
    "dimensions_z": 0.7661972045898438,
    "index": 0,
    "jointType": 1,
    "parentAttachmentPlane_x": 0.5092063546180725,
    "parentAttachmentPlane_y": -0.2389153689146042,
    "parentAttachmentPlane_z": 0.8268182277679443,
    "primitiveType": 0
}
