{
    "dimensions_x": 0.9606524109840393,
    "dimensions_y": 1.4831292629241943,
    "dimensions_z": 0.6353899836540222,
    "index": 1,
    "jointType": 1,
    "parentAttachmentPlane_x": -0.06527283042669296,
    "parentAttachmentPlane_y": 0.1847659945487976,
    "parentAttachmentPlane_z": 0.980612576007843,
    "primitiveType": 0
}
