{
    "dimensions_x": 0.3061389923095703,
    "dimensions_y": 0.43167465925216675,
    "dimensions_z": 0.9217936992645264,
    "index": 2,
    "jointType": 1,
    "parentAttachmentPlane_x": -0.13470390439033508,
    "parentAttachmentPlane_y": 0.8675936460494995,
    "parentAttachmentPlane_z": -0.47868168354034424,
    "primitiveType": 0
}
