{
    "axis_x": 0,
    "axis_y": 0,
    "axis_z": 1,
    "childAnchorDir_x": -0.9480593800544739,
    "childAnchorDir_y": -0.29510387778282166,
    "childAnchorDir_z": -0.11873117834329605,
    "fromIndex": 0,
    "scalingFactor": 0.8381956815719604,
    "toIndex": 2
}
