{
    "axis_x": 0,
    "axis_y": 1,
    "axis_z": 0,
    "childAnchorDir_x": -0.7323683500289917,
    "childAnchorDir_y": 0.6771361827850342,
    "childAnchorDir_z": 0.07157668471336365,
    "fromIndex": 0,
    "scalingFactor": 0.9288235902786255,
    "toIndex": 5
}
