{
    "bodyEnd": 0,
    "brush": 0,
    "dimensions_x": 1.2482211589813232,
    "dimensions_y": 0.7813912034034729,
    "dimensions_z": 0.2826884388923645,
    "index": 2,
    "jointType": 1,
    "parentAttachmentPlane_x": 0.35471901297569275,
    "parentAttachmentPlane_y": -0.9085716605186462,
    "parentAttachmentPlane_z": 0.22061732411384583,
    "primitiveType": 0,
    "recursionLimit": 1
}
