{
    "axis_x": -1,
    "axis_y": 0,
    "axis_z": 0,
    "childAnchorDir_x": -0.21423009037971497,
    "childAnchorDir_y": 0.29268136620521545,
    "childAnchorDir_z": 0.9319029450416565,
    "fromIndex": 2,
    "scalingFactor": 0.9523159265518188,
    "toIndex": 4
}
