{
    "bodyEnd": 1,
    "brush": 1,
    "dimensions_x": 0.39925655722618103,
    "dimensions_y": 1.2951955795288086,
    "dimensions_z": 0.35558241605758667,
    "index": 4,
    "jointType": 1,
    "parentAttachmentPlane_x": -0.5697866678237915,
    "parentAttachmentPlane_y": -0.7233527898788452,
    "parentAttachmentPlane_z": 0.39000508189201355,
    "primitiveType": 0,
    "recursionLimit": 1
}
