{
    "bodyEnd": 0,
    "brush": 0,
    "dimensions_x": 0.9425267577171326,
    "dimensions_y": 0.5540652275085449,
    "dimensions_z": 1.2228084802627563,
    "index": 0,
    "jointType": 1,
    "parentAttachmentPlane_x": 0.47621405124664307,
    "parentAttachmentPlane_y": 0.7997617721557617,
    "parentAttachmentPlane_z": 0.3655150830745697,
    "primitiveType": 0,
    "recursionLimit": 2
}
