{
    "axis_x": 0,
    "axis_y": 0,
    "axis_z": 1,
    "childAnchorDir_x": -0.13286922872066498,
    "childAnchorDir_y": 0.9514894485473633,
    "childAnchorDir_z": -0.27751338481903076,
    "fromIndex": 1,
    "scalingFactor": 0.9563145041465759,
    "toIndex": 3
}
