{
    "bodyEnd": 0,
    "brush": 0,
    "dimensions_x": 1.0524420738220215,
    "dimensions_y": 1.4137482643127441,
    "dimensions_z": 0.3848690092563629,
    "index": 3,
    "jointType": 1,
    "parentAttachmentPlane_x": -0.029604604467749596,
    "parentAttachmentPlane_y": -0.10451922565698624,
    "parentAttachmentPlane_z": 0.9940821528434753,
    "primitiveType": 0,
    "recursionLimit": 1
}
