{
    "axis_x": 0,
    "axis_y": 1,
    "axis_z": 0,
    "childAnchorDir_x": -0.5384657979011536,
    "childAnchorDir_y": -0.8229504823684692,
    "childAnchorDir_z": -0.18112747371196747,
    "fromIndex": 3,
    "scalingFactor": 0.9793710708618164,
    "toIndex": 6
}
