{
    "bodyEnd": 0,
    "brush": 0,
    "dimensions_x": 1.4961705207824707,
    "dimensions_y": 0.46565303206443787,
    "dimensions_z": 0.6839883923530579,
    "index": 5,
    "jointType": 1,
    "parentAttachmentPlane_x": 0.9359380602836609,
    "parentAttachmentPlane_y": -0.14057131111621857,
    "parentAttachmentPlane_z": 0.3228926956653595,
    "primitiveType": 0,
    "recursionLimit": 1
}
