{
    "axis_x": -1,
    "axis_y": 0,
    "axis_z": 0,
    "childAnchorDir_x": 0.4146535396575928,
    "childAnchorDir_y": -0.30147045850753784,
    "childAnchorDir_z": 0.8585906624794006,
    "fromIndex": 5,
    "scalingFactor": 0.7655443549156189,
    "toIndex": 7
}
