{
    "bodyEnd": 1,
    "brush": 0,
    "dimensions_x": 0.7073726654052734,
    "dimensions_y": 0.6879024505615234,
    "dimensions_z": 0.5004185438156128,
    "index": 7,
    "jointType": 1,
    "parentAttachmentPlane_x": 0.6962394714355469,
    "parentAttachmentPlane_y": -0.716617226600647,
    "parentAttachmentPlane_z": -0.04135708883404732,
    "primitiveType": 0,
    "recursionLimit": 1
}
