{
    "axis_x": 0,
    "axis_y": 1,
    "axis_z": 0,
    "childAnchorDir_x": 0.4281870126724243,
    "childAnchorDir_y": 0.6222642660140991,
    "childAnchorDir_z": 0.6553190350532532,
    "fromIndex": 0,
    "scalingFactor": 0.689084529876709,
    "toIndex": 1
}
