{
    "dimensions_x": 1.279007911682129,
    "dimensions_y": 0.48754385113716125,
    "dimensions_z": 1.4156464338302612,
    "index": 0,
    "jointType": 1,
    "parentAttachmentPlane_x": 0.3553689420223236,
    "parentAttachmentPlane_y": 0.9131954312324524,
    "parentAttachmentPlane_z": 0.19946688413619995,
    "primitiveType": 0,
    "recursionLimit": 2
}
