{
    "axis_x": 0,
    "axis_y": 1,
    "axis_z": 0,
    "childAnchorDir_x": 0.9369184970855713,
    "childAnchorDir_y": 0.34922462701797485,
    "childAnchorDir_z": 0.015030608512461185,
    "fromIndex": 1,
    "scalingFactor": 0.8457293510437012,
    "toIndex": 2
}
