{
    "dimensions_x": 0.8959448337554932,
    "dimensions_y": 1.0070620775222778,
    "dimensions_z": 0.8453487753868103,
    "index": 1,
    "jointType": 1,
    "parentAttachmentPlane_x": -0.09866795688867569,
    "parentAttachmentPlane_y": -0.9252655506134033,
    "parentAttachmentPlane_z": 0.36626261472702026,
    "primitiveType": 0,
    "recursionLimit": 1
}
