{
    "axis_x": 1,
    "axis_y": 0,
    "axis_z": 0,
    "childAnchorDir_x": 0.030733777210116386,
    "childAnchorDir_y": -0.8209194540977478,
    "childAnchorDir_z": 0.5702163577079773,
    "fromIndex": 0,
    "scalingFactor": 0.8451195955276489,
    "toIndex": 0
}
