{
    "bodyEnd": 0,
    "dimensions_x": 0.9876400828361511,
    "dimensions_y": 0.603988766670227,
    "dimensions_z": 1.2892011404037476,
    "index": 0,
    "jointType": 1,
    "parentAttachmentPlane_x": 0.11994489282369614,
    "parentAttachmentPlane_y": -0.9514203071594238,
    "parentAttachmentPlane_z": -0.2835710942745209,
    "primitiveType": 0,
    "recursionLimit": 2
}
