{
    "axis_x": 1,
    "axis_y": 0,
    "axis_z": 0,
    "childAnchorDir_x": 0.35027220845222473,
    "childAnchorDir_y": 0.7680854201316833,
    "childAnchorDir_z": -0.5360541939735413,
    "fromIndex": 0,
    "scalingFactor": 0.9218029379844666,
    "toIndex": 1
}
