{
    "axis_x": 0,
    "axis_y": 0,
    "axis_z": 1,
    "childAnchorDir_x": 0.18528462946414948,
    "childAnchorDir_y": 0.9776305556297302,
    "childAnchorDir_z": -0.09953943639993668,
    "fromIndex": 1,
    "scalingFactor": 0.9035317301750183,
    "toIndex": 2
}
