{
    "axis_x": -1,
    "axis_y": 0,
    "axis_z": 0,
    "childAnchorDir_x": -0.4631528854370117,
    "childAnchorDir_y": 0.4690225124359131,
    "childAnchorDir_z": 0.7520021796226501,
    "fromIndex": 0,
    "scalingFactor": 0.876213014125824,
    "toIndex": 1
}
