{
    "axis_x": 1,
    "axis_y": 0,
    "axis_z": 0,
    "childAnchorDir_x": 0.07707535475492477,
    "childAnchorDir_y": 0.22132083773612976,
    "childAnchorDir_z": 0.972150444984436,
    "fromIndex": 0,
    "scalingFactor": 0.9906108379364014,
    "toIndex": 2
}
