{
    "axis_x": -1,
    "axis_y": 0,
    "axis_z": 0,
    "childAnchorDir_x": 0.9610445499420166,
    "childAnchorDir_y": -0.08493973314762115,
    "childAnchorDir_z": -0.2630184292793274,
    "fromIndex": 1,
    "scalingFactor": 0.9074435234069824,
    "toIndex": 3
}
