{
    "axis_x": 1,
    "axis_y": 0,
    "axis_z": 0,
    "childAnchorDir_x": 0.08338670432567596,
    "childAnchorDir_y": 0.04587385803461075,
    "childAnchorDir_z": 0.9954608082771301,
    "fromIndex": 1,
    "scalingFactor": 0.8085739612579346,
    "toIndex": 4
}
