{
    "axis_x": 1,
    "axis_y": 0,
    "axis_z": 0,
    "childAnchorDir_x": -0.45248448848724365,
    "childAnchorDir_y": -0.3134220838546753,
    "childAnchorDir_z": 0.8348798751831055,
    "fromIndex": 2,
    "scalingFactor": 0.9933549165725708,
    "toIndex": 5
}
