{
    "axis_x": 0,
    "axis_y": 0,
    "axis_z": -1,
    "childAnchorDir_x": 0.5911883115768433,
    "childAnchorDir_y": -0.4990914463996887,
    "childAnchorDir_z": -0.6335646510124207,
    "fromIndex": 0,
    "scalingFactor": 0.9349727630615234,
    "toIndex": 1
}
