{
    "bodyEnd": 0,
    "dimensions_x": 0.6025083661079407,
    "dimensions_y": 1.0028539896011353,
    "dimensions_z": 1.1565004587173462,
    "index": 0,
    "jointType": 1,
    "parentAttachmentPlane_x": -0.6824303865432739,
    "parentAttachmentPlane_y": -0.7099609375,
    "parentAttachmentPlane_z": -0.17390857636928558,
    "primitiveType": 0,
    "recursionLimit": 2
}
