{
    "axis_x": 0,
    "axis_y": 0,
    "axis_z": 1,
    "childAnchorDir_x": 0.6105748414993286,
    "childAnchorDir_y": -0.5904994010925293,
    "childAnchorDir_z": 0.5277393460273743,
    "fromIndex": 0,
    "scalingFactor": 0.791530191898346,
    "toIndex": 3
}
