{
    "bodyEnd": 0,
    "dimensions_x": 1.1777392625808716,
    "dimensions_y": 0.5487062931060791,
    "dimensions_z": 0.40582573413848877,
    "index": 1,
    "jointType": 1,
    "parentAttachmentPlane_x": 0.6765365600585938,
    "parentAttachmentPlane_y": -0.7197820544242859,
    "parentAttachmentPlane_z": -0.1556023210287094,
    "primitiveType": 0,
    "recursionLimit": 1
}
