{
    "axis_x": -1,
    "axis_y": 0,
    "axis_z": 0,
    "childAnchorDir_x": -0.3004588782787323,
    "childAnchorDir_y": -0.14628896117210388,
    "childAnchorDir_z": -0.9425094127655029,
    "fromIndex": 0,
    "scalingFactor": 0.9837050437927246,
    "toIndex": 4
}
