{
    "bodyEnd": 0,
    "dimensions_x": 1.463531255722046,
    "dimensions_y": 1.3146328926086426,
    "dimensions_z": 1.1548938751220703,
    "index": 2,
    "jointType": 1,
    "parentAttachmentPlane_x": -0.2061450034379959,
    "parentAttachmentPlane_y": 0.8938772678375244,
    "parentAttachmentPlane_z": 0.3981051743030548,
    "primitiveType": 0,
    "recursionLimit": 1
}
