{
    "axis_x": 0,
    "axis_y": 0,
    "axis_z": 1,
    "childAnchorDir_x": 0.7895348072052002,
    "childAnchorDir_y": -0.522668182849884,
    "childAnchorDir_z": -0.3216407001018524,
    "fromIndex": 1,
    "scalingFactor": 0.841244101524353,
    "toIndex": 2
}
