{
    "bodyEnd": 1,
    "dimensions_x": 0.4721285104751587,
    "dimensions_y": 0.7088341116905212,
    "dimensions_z": 0.3808799088001251,
    "index": 3,
    "jointType": 1,
    "parentAttachmentPlane_x": -0.7308412194252014,
    "parentAttachmentPlane_y": 0.5527105331420898,
    "parentAttachmentPlane_z": 0.40047740936279297,
    "primitiveType": 0,
    "recursionLimit": 1
}
