{
    "bodyEnd": 1,
    "dimensions_x": 0.7958595752716064,
    "dimensions_y": 0.7717194557189941,
    "dimensions_z": 0.5178033709526062,
    "index": 3,
    "jointType": 1,
    "parentAttachmentPlane_x": -0.08539740741252899,
    "parentAttachmentPlane_y": 0.2816261351108551,
    "parentAttachmentPlane_z": -0.9557164907455444,
    "primitiveType": 0,
    "recursionLimit": 1
}
