{
    "bodyEnd": 1,
    "dimensions_x": 0.8441957831382751,
    "dimensions_y": 0.8279755115509033,
    "dimensions_z": 0.15700654685497284,
    "index": 4,
    "jointType": 1,
    "parentAttachmentPlane_x": -0.7290627956390381,
    "parentAttachmentPlane_y": -0.423107385635376,
    "parentAttachmentPlane_z": 0.5380033850669861,
    "primitiveType": 0,
    "recursionLimit": 1
}
