{
    "bodyEnd": 1,
    "dimensions_x": 0.8456590175628662,
    "dimensions_y": 1.218164324760437,
    "dimensions_z": 1.0454819202423096,
    "index": 4,
    "jointType": 1,
    "parentAttachmentPlane_x": 0.9435498714447021,
    "parentAttachmentPlane_y": 0.31591007113456726,
    "parentAttachmentPlane_z": -0.09957145899534225,
    "primitiveType": 0,
    "recursionLimit": 1
}
