{
    "axis_x": 0,
    "axis_y": 0,
    "axis_z": 1,
    "childAnchorDir_x": 0.37430238723754883,
    "childAnchorDir_y": -0.07236595451831818,
    "childAnchorDir_z": -0.9244787096977234,
    "fromIndex": 0,
    "scalingFactor": 0.8256258964538574,
    "toIndex": 1
}
