{
    "bodyEnd": 0,
    "dimensions_x": 1.2313426733016968,
    "dimensions_y": 0.4190181791782379,
    "dimensions_z": 0.756218433380127,
    "index": 0,
    "jointType": 1,
    "parentAttachmentPlane_x": -0.9540576934814453,
    "parentAttachmentPlane_y": -0.09089615941047668,
    "parentAttachmentPlane_z": 0.28550273180007935,
    "primitiveType": 0,
    "recursionLimit": 2
}
