{
    "axis_x": 0,
    "axis_y": 1,
    "axis_z": 0,
    "childAnchorDir_x": 0.8423231840133667,
    "childAnchorDir_y": -0.2890550494194031,
    "childAnchorDir_z": 0.45490533113479614,
    "fromIndex": 0,
    "scalingFactor": 0.8669026494026184,
    "toIndex": 2
}
