{
    "axis_x": 0,
    "axis_y": 0,
    "axis_z": 1,
    "childAnchorDir_x": 0.7996516227722168,
    "childAnchorDir_y": 0.20763903856277466,
    "childAnchorDir_z": -0.5634211301803589,
    "fromIndex": 2,
    "scalingFactor": 0.7702000141143799,
    "toIndex": 3
}
