{
    "bodyEnd": 1,
    "dimensions_x": 1.2259795665740967,
    "dimensions_y": 0.8372632265090942,
    "dimensions_z": 0.2725580334663391,
    "index": 3,
    "jointType": 1,
    "parentAttachmentPlane_x": 0.7439964413642883,
    "parentAttachmentPlane_y": 0.6284574866294861,
    "parentAttachmentPlane_z": -0.22695918381214142,
    "primitiveType": 0,
    "recursionLimit": 1
}
