{
    "axis_x": 1,
    "axis_y": 0,
    "axis_z": 0,
    "childAnchorDir_x": 0.7803274393081665,
    "childAnchorDir_y": -0.6201907396316528,
    "childAnchorDir_z": 0.08032761514186859,
    "fromIndex": 2,
    "scalingFactor": 0.7856717109680176,
    "toIndex": 2
}
