{
    "bodyEnd": 1,
    "dimensions_x": 0.13460083305835724,
    "dimensions_y": 0.7219461798667908,
    "dimensions_z": 1.305559515953064,
    "index": 4,
    "jointType": 1,
    "parentAttachmentPlane_x": -0.8143884539604187,
    "parentAttachmentPlane_y": 0.2525085508823395,
    "parentAttachmentPlane_z": -0.5225043892860413,
    "primitiveType": 0,
    "recursionLimit": 1
}
