{
    "axis_x": 0,
    "axis_y": 0,
    "axis_z": 1,
    "childAnchorDir_x": 0.26104652881622314,
    "childAnchorDir_y": -0.5817148089408875,
    "childAnchorDir_z": -0.7703652381896973,
    "fromIndex": 2,
    "scalingFactor": 0.8905597925186157,
    "toIndex": 2
}
