{
    "axis_x": 0,
    "axis_y": 1,
    "axis_z": 0,
    "childAnchorDir_x": -0.8485585451126099,
    "childAnchorDir_y": 0.339277058839798,
    "childAnchorDir_z": 0.4060043394565582,
    "fromIndex": 2,
    "scalingFactor": 0.8437688946723938,
    "toIndex": 2
}
